110 676349.506 7184079.099 885.758
3110 676187.214 7184138.610 883.488
3111 676423.413 7184149.085 887.494
3112 676782.089 7184150.526 888.756
3113 676259.424 7184749.781 898.677
3114 676377.925 7184720.718 904.759
3115 676763.528 7184713.331 923.008
4110 677123.559 7184100.303 890.640
4111 677267.560 7184089.381 894.912
4112 677379.258 7184208.899 894.467
4113 677020.416 7184626.978 921.563
4114 677155.718 7184626.399 925.612
4115 677213.374 7184754.621 925.388
4116 677332.347 7184765.561 928.863